-28
25
-19
13
000000000000000000000000000000000000000000000000000000
000000000000000000000000000000000000000000000000000000
000000000000000000000000000000000000000000000000000000
000000000000000000000000000000000000000000000000000000
000000000011111111111111111111111111111111111100000000
000000000011111111111111111111111111111111111100000000
000000000011111111111111111111111111111111111100000000
000000000011111111111111111111111111111111111100000000
000000000011111111111111111111111111111111111100000000
000000000011111111111111111111111111111111111100000000
000000000011111111111111111111111111111111111100000000
000000000011111111111111111111111111111111111100000000
000000000011111111111111111111111111111111111100000000
000000000011111111111111111111111111111111111100000000
000000000011111111111111111111111111111111111100000000
000000000011111111111111111111111111111111111100000000
000000000011111111111111111111111111111111111100000000
000000000011111111111111111111111111111111111100000000
000000000011111111111111111111111111111111111100000000
000000000011111111111111111111111111111111111100000000
000000000011111111111111111111111111111111111100000000
000000000011111111111111111111111111111111111100000000
000000000011111111111111111111111111111111111100000000
000000000011111111111111111111111111111111111100000000
000000000000000000000000000000000000000000000000000000
000000000000000000000000000000000000000000000000000000
000000000000000000000000000000000000000000000000000000
000000000000000000000000000000000000000000000000000000
000000000000000000000000000000000000000000000000000000
000000000000000000000000000000000000000000000000000000
000000000000000000000000000000000000000000000000000000
000000000000000000000000000000000000000000000000000000
000000000000000000000000000000000000000000000000000000
