-11
25
-25
85
0000000000000000000000000000000000000
1111111111111111111111111111111111110
1111111111111111111111111111111111110
1111111111111111111111111111111111110
1111111111111111111111111111111111110
1111111111111111111111111111111111110
1111111111111111111111111111111111110
1111111111111111111111111111111111110
1111111111111111111111111111111111110
1111111111111111111111111111111111110
1111111111111111111111111111111111110
1111111111111111111111111111111111110
1111111111111111111111111111111111110
1111111111111111111111111111111111110
1111111111111111111111111111111111110
1111111111111111111111111111111111110
1111111111111111111111111111111111110
1111111111111111111111111111111111110
1111111111111111111111111111111111110
1111111111111111111111111111111111110
1111111111111111111111111111111111110
0000000000000000000000000000000000000
0000000000000000000000000000000000000
0000000000000000000000000000000000000
0000000000000000000000000000000000000
0000000000000000000000000000000000000
0000000000000000000000000000000000000
0000000000000000000000000000000000000
0000000000000000000000000000000000000
0000000000000000000000000000000000000
0000000000000000000000000000000000000
1111111111111111111111111111111111110
1111111111111111111111111111111111110
1111111111111111111111111111111111110
1111111111111111111111111111111111110
1111111111111111111111111111111111110
1111111111111111111111111111111111110
1111111111111111111111111111111111110
1111111111111111111111111111111111110
1111111111111111111111111111111111110
1111111111111111111111111111111111110
1111111111111111111111111111111111110
1111111111111111111111111111111111110
1111111111111111111111111111111111110
1111111111111111111111111111111111110
1111111111111111111111111111111111110
1111111111111111111111111111111111110
1111111111111111111111111111111111110
1111111111111111111111111111111111110
1111111111111111111111111111111111110
1111111111111111111111111111111111110
0000000000000000000000000000000000000
0000000000000000000000000000000000000
0000000000000000000000000000000000000
0000000000000000000000000000000000000
0000000000000000000000000000000000000
0000000000000000000000000000000000000
0000000000000000000000000000000000000
0000000000000000000000000000000000000
0000000000000000000000000000000000000
0000000000000000000000000000000000000
1111111111111111111111111111111111110
1111111111111111111111111111111111110
1111111111111111111111111111111111110
1111111111111111111111111111111111110
1111111111111111111111111111111111110
1111111111111111111111111111111111110
1111111111111111111111111111111111110
1111111111111111111111111111111111110
1111111111111111111111111111111111110
1111111111111111111111111111111111110
1111111111111111111111111111111111110
1111111111111111111111111111111111110
1111111111111111111111111111111111110
1111111111111111111111111111111111110
1111111111111111111111111111111111110
1111111111111111111111111111111111110
1111111111111111111111111111111111110
1111111111111111111111111111111111110
1111111111111111111111111111111111110
1111111111111111111111111111111111110
0000000000000000000000000000000000000
0000000000000000000000000000000000000
0000000000000000000000000000000000000
0000000000000000000000000000000000000
0000000000000000000000000000000000000
0000000000000000000000000000000000000
0000000000000000000000000000000000000
0000000000000000000000000000000000000
0000000000000000000000000000000000000
0000000000000000000000000000000000000
1111111111111111111111111111111111110
1111111111111111111111111111111111110
1111111111111111111111111111111111110
1111111111111111111111111111111111110
1111111111111111111111111111111111110
1111111111111111111111111111111111110
1111111111111111111111111111111111110
1111111111111111111111111111111111110
1111111111111111111111111111111111110
1111111111111111111111111111111111110
1111111111111111111111111111111111110
1111111111111111111111111111111111110
1111111111111111111111111111111111110
1111111111111111111111111111111111110
1111111111111111111111111111111111110
1111111111111111111111111111111111110
1111111111111111111111111111111111110
1111111111111111111111111111111111110
1111111111111111111111111111111111110
1111111111111111111111111111111111110
