-28
25
-25
12
000000000000000000000000000000000000000000000000000000
111111111111111111111111111111111111111111111111111110
111111111111111111111111111111111111111111111111111110
111111111111111111111111111111111111111111111111111110
111111111111111111111111111111111111111111111111111110
111111111111111111111111111111111111111111111111111110
111111111111111111111111111111111111111111111111111110
111111111111111111111111111111111111111111111111111110
111111111111111111111111111111111111111111111111111110
111111111111111111111111111111111111111111111111111110
111111111111111111111111111111111111111111111111111110
111111111111111111111111111111111111111111111111111110
111111111111111111111111111111111111111111111111111110
111111111111111111111111111111111111111111111111111110
111111100011001111111111111111111111111111111111111110
111111100011001111111111111111111111111111111111111110
111111100011001111111111111111111111111111111111111110
111111101111101111111111111111111111111111111111111110
111111101111101111111111111111111111111111111111111110
111111101111101111111111111111111111111111111111111110
111111100000001111111111111111111111111111111111111110
111111100000001111111111111111111111111111111111111110
111111100000001111111111111111111111111111111111111110
111111111111111111111111111111111111111111111111111110
111111111111111111111111111111111111111111111111111110
111111111111111111111111111111111111111111111111111110
111111111111111111111111111111111111111111111111111110
111111111111111111111111111111111111111111111111111110
111111111111111111111111111111111111111111111111111110
111111111111111111111111111111111111111111111111111110
111111111111111111111111111111111111111111111111111110
111111111111111111111111111111111111111111111111111110
222222222222222222222222222222222222222222222222222220
222222222222222222222222222222222222222222222222222220
222222222222222222222222222222222222222222222222222220
222222222222222222222222222222222222222222222222222220
222222222222222222222222222222222222222222222222222220
222222222222222222222222222222222222222222222222222220
